20200521,20200922
20200427,20200826
20200517,20200728
20200804,20200717
20200529,20201008
20200729,20200804
20200603,20200827
20200715,20201020
20200607,20200905
20200417,20201007
20200725,20200718
20200902,20200815
20200511,20200918
20200722,20200905
20200611,20200920
20200513,20200818
20200505,20200721
20200630,20200825
20200913,20200929
20200603,20200725
20200714,20200921
20200703,20201021
20200829,20200806
20200729,20200925
20200626,20200724
20200920,20200724
20200418,20201005
20200918,20200726
20200805,20201002
20200704,20201016
20200523,20200813
20201013,20201012
20200506,20200811
20200612,20200917
20200909,20200807
20200514,20200905
20200717,20200821
20200828,20200727
20200428,20200916
20200824,20200719
20200524,20200722
20200907,20200821
20200707,20200815
20200601,20200803
20200803,20200902
20200513,20200923
20200426,20200716
20200911,20200725
20200716,20200714
20200925,20200907
20201004,20200912
20200818,20200719
20200924,20200827
20200618,20200724
20200707,20200827
20200815,20201016
20200414,20201002
20201001,20200805
20200516,20201005
20200620,20200803
20200808,20200927
20201012,20200820
20200711,20201017
20200507,20201020
20200705,20200919
20200704,20200806
20200730,20201022
20200430,20200907
20200419,20200925
20200721,20200927
20200818,20201007
20200824,20200801
20200516,20200819
20200429,20200914
20200520,20200910
20200615,20200825
20200428,20201014
20200410,20201022
20200804,20200930
20200731,20200921
20200612,20200911
20200903,20200911
20200511,20200911
20200902,20200824
20200921,20200723
20200806,20200803
20200822,20200925
20200827,20201004
20200729,20200726
20200924,20200820
20200627,20201013
20200422,20200821
20200523,20200924
20200712,20200806
20200626,20200805
20200723,20200912
20200709,20200921
20201003,20200910
20200507,20201008
20200805,20200911
